65
60
93
70
66
59
28
21
76
68
78
71
6
47
31
61
64
100
10
15
69
86
20
21
8
6
65
91
82
8
32
82
100
2
19
72
36
68
49
11
66
61
6
73
31
98
79
65
37
96
33
31
30
93
68
84
9
6
47
22
79
18
57
47
52
24
43
71
99
28
73
80
41
46
61
50
16
24
44
45
69
71
38
2
48
45
33
91
58
86
33
3
99
1
20
8
39
56
56
99
42
16
38
89
58
97
70
91
76
46
7
3
96
72
26
84
84
40
30
73
47
18
19
5
47
24
65
15
7
29
39
75
82
54
95
89
49
33
80
58
37
11
77
85
27
37
44
29
36
34
63
96
24
33
50
28
54
27
16
26
11
94
85
87
3
89
91
83
1
61
74
19
39
73
57
34
95
82
15
36
26
44
89
5
88
95
48
39
31
79
55
25
35
89
72
70
13
26
66
45
11
22
17
22
49
93
51
44
32
21
89
77
93
7
44
5
3
3
82
51
70
28
41
69
69
34
6
11
54
42
14
98
7
55
74
57
36
100
92
36
25
48
42
64
66
45
28
56
77
31
48
70
39
24
17
33
30
70
7
28
93
45
94
1
27
12
5
30
13
3
28
77
22
74
79
98
23
76
74
83
29
88
23
53
82
13
71
4
86
69
58
35
90
2
97
11
3
28
17
49
21
72
39
97
32
90
89
42
55
3
32
62
35
44
22
52
47
69
35
21
25
81
38
23
91
83
25
83
6
34
38
47
15
83
77
14
81
99
62
10
69
15
85
81
15
54
31
11
99
40
20
63
50
98
6
99
66
85
75
94
16
96
18
88
99
63
33
61
7
14
35
7
57
34
2
90
59
38
63
92
12
59
2
97
57
26
35
62
83
22
64
60
13
9
51
60
54
40
7
3
86
75
9
39
2
47
7
45
98
72
69
9
30
64
38
25
70
72
47
96
41
23
93
78
31
51
33
70
38
52
9
83
17
66
86
26
64
92
87
88
64
48
2
73
39
62
38
13
22
66
58
76
95
43
15
90
39
86
77
63
17
3
30
6
80
19
42
8
11
52
42
43
75
48
50
38
100
52
43
79
48
81
19
75
10
93
95
85
78
70
19
97
56
91
12
29
29
30
39
57
29
60
39
75
53
54
19
97
81
74
86
81
65
16
36
31
45
75
6
4
63
45
45
16
60
78
59
12
33
54
4
27
79
33
85
20
7
84
100
67
54
69
90
12
95
55
80
82
39
42
59
19
61
81
91
27
40
96
78
70
47
43
16
97
78
49
57
50
83
15
87
7
42
20
73
95
89
40
73
6
50
83
28
54
10
42
42
45
44
93
16
95
73
47
93
13
5
75
97
37
29
18
47
58
72
88
96
43
27
93
74
57
56
30
25
18
18
94
44
39
64
66
88
59
70
26
76
48
36
12
27
11
1
88
39
37
33
59
68
27
10
12
36
58
7
68
5
94
83
61
72
31
5
24
81
60
9
84
60
69
71
98
13
58
18
71
29
13
1
71
86
16
90
48
19
66
99
72
42
49
16
78
21
56
22
92
89
8
51
81
19
40
20
40
69
63
40
33
38
23
15
57
32
74
76
45
48
6
31
92
13
31
13
60
55
83
52
86
89
68
90
8
2
18
53
31
23
37
72
46
86
11
49
98
36
78
73
42
65
12
43
47
76
80
68
31
88
58
48
89
69
21
97
59
41
40
17
90
1
48
67
61
57
16
84
85
71
7
32
65
39
27
64
59
45
16
17
83
16
41
14
6
85
70
51
79
29
51
42
34
35
91
99
19
74
92
59
94
16
7
68
58
99
22
24
12
29
45
23
42
11
100
67
2
72
24
44
89
96
51
87
10
51
44
58
56
48
71
97
14
42
3
25
84
48
87
9
78
41
30
11
44
21
52
87
14
16
44
33
18
20
19
16
12
99
8
88
81
42
59
96
91
8
31
27
16
25
80
53
7
33
83
82
28
73
77
52
76
35
20
8
92
53
78
29
26
25
100
82
24
67
43
91
47
16
8
82
48
88
82
28
90
33
7
13
87
76
22
7
18
32
37
99
95
10
21
84
90
81
100
10
67
41
18
65
71
13
95
1
11
83
26
57
58
13
20
15
94
87
93
65
45
50
27
52
37
57
77
51
5
70
42
39
95
31
75
71
89
40
89
91
73
68
95
20
43
37
3
67
45
38
61
5
48
45
24
14
67
39
19
5
81
1
68
23
26
22
4
22
48
47
89
56
85
36
78
57
83
42
31
