74
76
73
24
52
26
10
79
71
51
29
5
42
37
3
79
52
39
85
1
78
84
12
97
33
6
60
81
79
81
39
54
22
1
89
96
25
83
44
67
52
87
2
57
93
63
39
12
34
71
49
37
32
81
58
52
71
35
45
25
74
60
39
52
56
3
53
11
77
87
14
6
32
11
51
78
100
50
69
10
92
64
95
66
74
6
48
89
26
32
89
51
33
7
81
4
4
47
69
26
18
56
67
15
92
49
1
76
84
56
12
85
63
37
63
93
2
66
37
65
51
70
90
58
26
76
83
40
74
11
19
70
83
23
52
60
21
35
92
54
64
8
30
40
55
32
60
66
78
21
25
56
20
51
78
31
4
68
62
8
46
92
81
40
39
9
83
12
90
82
32
79
81
62
89
25
52
97
88
45
66
89
21
75
3
45
76
19
80
4
67
96
97
78
70
76
2
33
18
12
99
9
5
27
78
78
8
7
13
89
27
60
58
21
42
70
79
81
77
75
8
77
33
55
49
62
52
25
79
49
75
81
82
58
32
3
84
34
1
29
14
59
43
24
61
8
3
89
12
4
3
25
38
83
34
6
95
90
12
31
14
47
18
37
33
47
21
56
16
94
2
45
78
3
57
14
43
99
53
31
74
68
94
58
31
12
80
90
6
34
13
11
95
8
23
84
37
16
66
52
53
8
20
14
50
18
76
80
4
61
60
2
48
96
44
85
71
21
73
68
50
25
22
8
21
58
86
10
39
8
3
12
73
92
76
68
31
98
20
84
81
50
47
98
77
42
63
56
66
79
96
83
46
97
10
99
97
48
93
96
20
54
34
72
89
8
41
36
18
15
73
26
67
42
89
62
25
32
73
34
68
19
53
79
56
51
80
31
26
37
98
76
67
42
44
4
52
91
82
78
81
30
88
9
16
2
26
68
83
38
46
70
55
1
64
83
94
84
46
99
74
67
4
26
34
96
85
45
43
2
93
80
75
63
76
53
47
80
82
24
30
64
2
25
42
19
93
58
29
12
89
15
39
57
8
64
63
62
67
36
61
48
40
1
98
81
11
60
6
9
32
77
87
21
30
92
58
27
43
6
18
11
47
74
54
92
15
91
37
62
29
12
44
15
20
51
22
65
70
65
